<<<<<<< HEAD
10,229
10,35
10,69
10,285
10,287
10,2
10,3
11,5
11,9
9,7
9,1
9,5
9,2
9,3
8,8
8,16
8,9
8,11
8,12
=======
0,273
0,270
3,2
3,1
3,3
10,232
10,32
10,8
10,12
10,138
10,280
10,110
10,236
8,18
8,14
8,4
8,2
8,3
>>>>>>> master
148,5
148,4
148,3
148,2
148,1
148,0
147,5
147,4
147,3
147,2
147,1
147,0
146,7
146,6
146,5
146,4
146,3
146,2
146,1
146,0
145,5
145,4
145,3
145,2
145,1
145,0
144,5
144,4
144,3
144,2
144,1
144,0
143,4
143,3
143,2
143,1
143,0
20,3
20,2
20,1
<<<<<<< HEAD
19,2
19,3
19,1
=======
19,3
19,2
19,1
14,2
>>>>>>> master
12,3
12,2
12,1
11,29
11,28
11,27
11,26
11,25
11,24
11,23
11,22
11,21
11,20
11,19
11,18
11,17
<<<<<<< HEAD
=======
11,16
>>>>>>> master
11,15
11,14
11,13
11,12
11,11
11,10
11,8
11,7
11,6
11,4
11,3
11,2
11,1
10,306
10,302
10,300
<<<<<<< HEAD
10,298
10,286
10,280
10,266
10,262
10,253
10,236
10,232
10,215
10,208
10,177
10,173
10,164
18,1
10,156
18,3
10,154
10,147
10,146
10,143
14,1
10,138
=======
18,1
10,298
10,286
18,3
10,266
10,262
10,253
10,215
14,1
10,208
10,177
14,3
10,173
10,164
13,1
10,156
10,154
13,3
10,147
10,146
10,143
10,84
10,75
>>>>>>> master
